"tick","Infected Count","Healthy Count","Dead Count"
1.0,3,999,0
2.0,5,997,0
3.0,6,996,0
4.0,9,993,0
5.0,10,992,0
6.0,10,992,0
7.0,12,990,0
8.0,14,988,0
9.0,18,984,0
10.0,23,979,0
11.0,27,975,0
12.0,31,971,0
13.0,35,967,0
14.0,39,963,0
15.0,46,954,2
16.0,54,945,3
17.0,61,936,5
18.0,67,929,6
19.0,70,923,9
20.0,73,919,10
21.0,85,907,10
22.0,95,896,11
23.0,102,887,12
24.0,103,881,17
25.0,105,876,20
26.0,108,868,25
27.0,118,855,28
28.0,123,846,31
29.0,131,833,36
30.0,128,826,45
31.0,134,813,52
32.0,131,807,59
33.0,126,805,66
34.0,129,796,71
35.0,130,791,74
36.0,126,785,84
37.0,129,770,94
38.0,130,759,103
39.0,128,755,108
40.0,139,741,111
41.0,138,732,121
42.0,127,728,134
43.0,134,713,142
44.0,131,704,153
45.0,137,691,159
46.0,132,684,171
47.0,135,673,178
48.0,144,661,180
49.0,148,648,189
50.0,162,630,193
51.0,162,624,198
52.0,162,611,211
53.0,171,592,220
54.0,173,584,224
55.0,171,573,236
56.0,171,564,243
57.0,177,553,247
58.0,176,539,260
59.0,179,527,269
60.0,181,512,282
61.0,188,500,287
62.0,188,488,297
63.0,189,475,308
64.0,202,450,318
65.0,200,434,333
66.0,201,424,339
67.0,198,414,351
68.0,197,404,361
69.0,196,392,372
70.0,194,384,380
71.0,196,368,391
72.0,197,360,398
73.0,196,345,410
74.0,192,338,421
75.0,184,331,435
76.0,182,322,446
77.0,176,313,458
78.0,173,304,470
79.0,155,298,494
80.0,149,292,505
81.0,140,288,515
82.0,132,285,526
83.0,127,279,536
84.0,117,276,548
85.0,118,270,553
86.0,106,266,568
87.0,107,255,577
88.0,96,252,590
89.0,94,245,599
90.0,91,242,605
91.0,91,236,611
92.0,87,230,621
93.0,88,219,629
94.0,85,215,635
95.0,85,208,640
96.0,86,204,643
97.0,83,202,647
98.0,84,195,653
99.0,88,189,655
100.0,86,186,659
101.0,91,176,663
102.0,88,170,672
103.0,89,166,674
104.0,83,165,679
105.0,84,162,681
106.0,83,155,687
107.0,81,150,693
108.0,74,148,701
109.0,72,145,705
110.0,66,143,713
111.0,67,139,716
112.0,66,137,718
113.0,64,131,725
114.0,62,129,729
115.0,61,127,732
116.0,52,125,742
117.0,47,125,746
118.0,49,120,748
119.0,49,117,751
120.0,48,115,753
121.0,42,113,761
122.0,39,112,765
123.0,41,109,766
124.0,39,107,769
125.0,37,107,771
126.0,32,107,775
127.0,32,105,777
128.0,26,105,783
129.0,25,104,785
130.0,27,100,787
131.0,27,98,789
132.0,29,96,789
133.0,25,96,793
134.0,21,96,797
135.0,19,96,799
136.0,19,94,801
137.0,19,93,802
138.0,16,93,805
139.0,14,93,807
140.0,14,93,807
141.0,14,93,807
142.0,14,92,808
143.0,13,92,808
144.0,12,92,809
145.0,9,92,812
146.0,6,92,814
147.0,4,92,816
148.0,4,92,816
149.0,4,92,816
150.0,4,92,816
151.0,2,92,818
152.0,1,92,819
153.0,1,92,819
154.0,1,92,819
155.0,1,92,819
156.0,1,92,819
157.0,0,92,820
158.0,0,92,820
159.0,0,92,820
160.0,0,92,820
161.0,0,92,820
162.0,0,92,820
163.0,0,92,820
164.0,0,92,820
165.0,0,92,820
166.0,0,92,820
167.0,0,92,820
168.0,0,92,820
169.0,0,92,820
170.0,0,92,820
171.0,0,92,820
172.0,0,92,820
173.0,0,92,820
174.0,0,92,820
175.0,0,92,820
176.0,0,92,820
177.0,0,92,820
178.0,0,92,820
179.0,0,92,820
180.0,0,92,820
181.0,0,92,820
182.0,0,92,820
183.0,0,92,820
184.0,0,92,820
185.0,0,92,820
186.0,0,92,820
187.0,0,92,820
188.0,0,92,820
189.0,0,92,820
190.0,0,92,820
191.0,0,92,820
192.0,0,92,820
193.0,0,92,820
194.0,0,92,820
195.0,0,92,820
196.0,0,92,820
197.0,0,92,820
198.0,0,92,820
199.0,0,92,820
200.0,0,92,820
201.0,0,92,820
202.0,0,92,820
203.0,0,92,820
204.0,0,92,820
205.0,0,92,820
206.0,0,92,820
207.0,0,92,820
208.0,0,92,820
209.0,0,92,820
210.0,0,92,820
211.0,0,92,820
212.0,0,92,820
213.0,0,92,820
214.0,0,92,820
215.0,0,92,820
216.0,0,92,820
217.0,0,92,820
218.0,0,92,820
219.0,0,92,820
220.0,0,92,820
221.0,0,92,820
222.0,0,92,820
223.0,0,92,820
224.0,0,92,820
225.0,0,92,820
226.0,0,92,820
227.0,0,92,820
228.0,0,92,820
229.0,0,92,820
230.0,0,92,820
231.0,0,92,820
232.0,0,92,820
233.0,0,92,820
234.0,0,92,820
235.0,0,92,820
236.0,0,92,820
237.0,0,92,820
238.0,0,92,820
239.0,0,92,820
240.0,0,92,820
241.0,0,92,820
242.0,0,92,820
243.0,0,92,820
244.0,0,92,820
245.0,0,92,820
246.0,0,92,820
247.0,0,92,820
248.0,0,92,820
249.0,0,92,820
250.0,0,92,820
251.0,0,92,820
252.0,0,92,820
253.0,0,92,820
254.0,0,92,820
255.0,0,92,820
256.0,0,92,820
257.0,0,92,820
258.0,0,92,820
259.0,0,92,820
260.0,0,92,820
261.0,0,92,820
262.0,0,92,820
263.0,0,92,820
264.0,0,92,820
265.0,0,92,820
266.0,0,92,820
267.0,0,92,820
268.0,0,92,820
269.0,0,92,820
270.0,0,92,820
271.0,0,92,820
272.0,0,92,820
273.0,0,92,820
274.0,0,92,820
275.0,0,92,820
276.0,0,92,820
277.0,0,92,820
278.0,0,92,820
279.0,0,92,820
280.0,0,92,820
281.0,0,92,820
282.0,0,92,820
283.0,0,92,820
284.0,0,92,820
285.0,0,92,820
286.0,0,92,820
287.0,0,92,820
288.0,0,92,820
289.0,0,92,820
290.0,0,92,820
291.0,0,92,820
292.0,0,92,820
293.0,0,92,820
294.0,0,92,820
295.0,0,92,820
296.0,0,92,820
297.0,0,92,820
298.0,0,92,820
299.0,0,92,820
300.0,0,92,820
301.0,0,92,820
302.0,0,92,820
303.0,0,92,820
304.0,0,92,820
305.0,0,92,820
306.0,0,92,820
307.0,0,92,820
308.0,0,92,820
309.0,0,92,820
310.0,0,92,820
311.0,0,92,820
312.0,0,92,820
313.0,0,92,820
314.0,0,92,820
315.0,0,92,820
316.0,0,92,820
317.0,0,92,820
318.0,0,92,820
319.0,0,92,820
320.0,0,92,820
321.0,0,92,820
322.0,0,92,820
323.0,0,92,820
324.0,0,92,820
325.0,0,92,820
326.0,0,92,820
327.0,0,92,820
328.0,0,92,820
329.0,0,92,820
330.0,0,92,820
331.0,0,92,820
332.0,0,92,820
333.0,0,92,820
334.0,0,92,820
335.0,0,92,820
336.0,0,92,820
337.0,0,92,820
338.0,0,92,820
339.0,0,92,820
340.0,0,92,820
341.0,0,92,820
342.0,0,92,820
343.0,0,92,820
344.0,0,92,820
345.0,0,92,820
346.0,0,92,820
347.0,0,92,820
348.0,0,92,820
349.0,0,92,820
350.0,0,92,820
351.0,0,92,820
352.0,0,92,820
353.0,0,92,820
354.0,0,92,820
355.0,0,92,820
356.0,0,92,820
357.0,0,92,820
358.0,0,92,820
359.0,0,92,820
360.0,0,92,820
361.0,0,92,820
362.0,0,92,820
363.0,0,92,820
364.0,0,92,820
365.0,0,92,820
366.0,0,92,820
367.0,0,92,820
368.0,0,92,820
369.0,0,92,820
370.0,0,92,820
371.0,0,92,820
372.0,0,92,820
373.0,0,92,820
374.0,0,92,820
375.0,0,92,820
376.0,0,92,820
377.0,0,92,820
378.0,0,92,820
379.0,0,92,820
380.0,0,92,820
381.0,0,92,820
382.0,0,92,820
383.0,0,92,820
384.0,0,92,820
385.0,0,92,820
386.0,0,92,820
387.0,0,92,820
388.0,0,92,820
389.0,0,92,820
390.0,0,92,820
391.0,0,92,820
392.0,0,92,820
393.0,0,92,820
394.0,0,92,820
395.0,0,92,820
396.0,0,92,820
397.0,0,92,820
398.0,0,92,820
399.0,0,92,820
400.0,0,92,820
401.0,0,92,820
402.0,0,92,820
403.0,0,92,820
404.0,0,92,820
405.0,0,92,820
406.0,0,92,820
407.0,0,92,820
408.0,0,92,820
409.0,0,92,820
410.0,0,92,820
411.0,0,92,820
412.0,0,92,820
413.0,0,92,820
414.0,0,92,820
415.0,0,92,820
416.0,0,92,820
417.0,0,92,820
418.0,0,92,820
419.0,0,92,820
420.0,0,92,820
421.0,0,92,820
422.0,0,92,820
423.0,0,92,820
424.0,0,92,820
425.0,0,92,820
426.0,0,92,820
427.0,0,92,820
428.0,0,92,820
429.0,0,92,820
430.0,0,92,820
431.0,0,92,820
432.0,0,92,820
433.0,0,92,820
434.0,0,92,820
435.0,0,92,820
436.0,0,92,820
437.0,0,92,820
438.0,0,92,820
439.0,0,92,820
440.0,0,92,820
441.0,0,92,820
442.0,0,92,820
443.0,0,92,820
444.0,0,92,820
445.0,0,92,820
446.0,0,92,820
447.0,0,92,820
448.0,0,92,820
449.0,0,92,820
450.0,0,92,820
451.0,0,92,820
452.0,0,92,820
453.0,0,92,820
454.0,0,92,820
455.0,0,92,820
456.0,0,92,820
457.0,0,92,820
458.0,0,92,820
459.0,0,92,820
460.0,0,92,820
461.0,0,92,820
462.0,0,92,820
463.0,0,92,820
464.0,0,92,820
465.0,0,92,820
466.0,0,92,820
467.0,0,92,820
468.0,0,92,820
469.0,0,92,820
470.0,0,92,820
471.0,0,92,820
472.0,0,92,820
473.0,0,92,820
474.0,0,92,820
475.0,0,92,820
476.0,0,92,820
477.0,0,92,820
478.0,0,92,820
479.0,0,92,820
480.0,0,92,820
481.0,0,92,820
482.0,0,92,820
483.0,0,92,820
484.0,0,92,820
485.0,0,92,820
486.0,0,92,820
487.0,0,92,820
488.0,0,92,820
489.0,0,92,820
490.0,0,92,820
491.0,0,92,820
492.0,0,92,820
493.0,0,92,820
494.0,0,92,820
495.0,0,92,820
496.0,0,92,820
497.0,0,92,820
498.0,0,92,820
499.0,0,92,820
500.0,0,92,820
501.0,0,92,820
502.0,0,92,820
503.0,0,92,820
504.0,0,92,820
505.0,0,92,820
506.0,0,92,820
507.0,0,92,820
508.0,0,92,820
509.0,0,92,820
510.0,0,92,820
511.0,0,92,820
512.0,0,92,820
513.0,0,92,820
514.0,0,92,820
515.0,0,92,820
516.0,0,92,820
517.0,0,92,820
518.0,0,92,820
519.0,0,92,820
520.0,0,92,820
521.0,0,92,820
522.0,0,92,820
523.0,0,92,820
524.0,0,92,820
525.0,0,92,820
526.0,0,92,820
527.0,0,92,820
528.0,0,92,820
529.0,0,92,820
530.0,0,92,820
531.0,0,92,820
532.0,0,92,820
533.0,0,92,820
534.0,0,92,820
535.0,0,92,820
536.0,0,92,820
537.0,0,92,820
538.0,0,92,820
539.0,0,92,820
540.0,0,92,820
541.0,0,92,820
542.0,0,92,820
543.0,0,92,820
544.0,0,92,820
545.0,0,92,820
546.0,0,92,820
547.0,0,92,820
548.0,0,92,820
549.0,0,92,820
550.0,0,92,820
551.0,0,92,820
552.0,0,92,820
553.0,0,92,820
554.0,0,92,820
555.0,0,92,820
556.0,0,92,820
557.0,0,92,820
558.0,0,92,820
559.0,0,92,820
560.0,0,92,820
561.0,0,92,820
562.0,0,92,820
563.0,0,92,820
564.0,0,92,820
565.0,0,92,820
566.0,0,92,820
567.0,0,92,820
568.0,0,92,820
569.0,0,92,820
570.0,0,92,820
571.0,0,92,820
572.0,0,92,820
573.0,0,92,820
574.0,0,92,820
575.0,0,92,820
576.0,0,92,820
577.0,0,92,820
578.0,0,92,820
579.0,0,92,820
580.0,0,92,820
581.0,0,92,820
582.0,0,92,820
583.0,0,92,820
584.0,0,92,820
585.0,0,92,820
586.0,0,92,820
587.0,0,92,820
588.0,0,92,820
589.0,0,92,820
590.0,0,92,820
591.0,0,92,820
592.0,0,92,820
593.0,0,92,820
594.0,0,92,820
595.0,0,92,820
596.0,0,92,820
597.0,0,92,820
598.0,0,92,820
599.0,0,92,820
600.0,0,92,820
601.0,0,92,820
602.0,0,92,820
603.0,0,92,820
604.0,0,92,820
605.0,0,92,820
606.0,0,92,820
607.0,0,92,820
608.0,0,92,820
609.0,0,92,820
610.0,0,92,820
611.0,0,92,820
612.0,0,92,820
613.0,0,92,820
614.0,0,92,820
615.0,0,92,820
616.0,0,92,820
617.0,0,92,820
618.0,0,92,820
619.0,0,92,820
620.0,0,92,820
621.0,0,92,820
622.0,0,92,820
623.0,0,92,820
624.0,0,92,820
625.0,0,92,820
626.0,0,92,820
627.0,0,92,820
628.0,0,92,820
629.0,0,92,820
630.0,0,92,820
631.0,0,92,820
632.0,0,92,820
633.0,0,92,820
634.0,0,92,820
635.0,0,92,820
636.0,0,92,820
637.0,0,92,820
638.0,0,92,820
639.0,0,92,820
640.0,0,92,820
641.0,0,92,820
642.0,0,92,820
643.0,0,92,820
644.0,0,92,820
645.0,0,92,820
646.0,0,92,820
647.0,0,92,820
648.0,0,92,820
649.0,0,92,820
650.0,0,92,820
651.0,0,92,820
652.0,0,92,820
653.0,0,92,820
654.0,0,92,820
655.0,0,92,820
656.0,0,92,820
657.0,0,92,820
658.0,0,92,820
659.0,0,92,820
660.0,0,92,820
661.0,0,92,820
662.0,0,92,820
663.0,0,92,820
664.0,0,92,820
665.0,0,92,820
666.0,0,92,820
667.0,0,92,820
668.0,0,92,820
669.0,0,92,820
670.0,0,92,820
671.0,0,92,820
672.0,0,92,820
673.0,0,92,820
674.0,0,92,820
675.0,0,92,820
676.0,0,92,820
677.0,0,92,820
678.0,0,92,820
679.0,0,92,820
680.0,0,92,820
681.0,0,92,820
682.0,0,92,820
683.0,0,92,820
684.0,0,92,820
685.0,0,92,820
686.0,0,92,820
687.0,0,92,820
688.0,0,92,820
689.0,0,92,820
690.0,0,92,820
691.0,0,92,820
692.0,0,92,820
693.0,0,92,820
694.0,0,92,820
695.0,0,92,820
696.0,0,92,820
697.0,0,92,820
698.0,0,92,820
699.0,0,92,820
700.0,0,92,820
701.0,0,92,820
702.0,0,92,820
703.0,0,92,820
704.0,0,92,820
705.0,0,92,820
706.0,0,92,820
707.0,0,92,820
708.0,0,92,820
709.0,0,92,820
710.0,0,92,820
711.0,0,92,820
712.0,0,92,820
713.0,0,92,820
714.0,0,92,820
715.0,0,92,820
716.0,0,92,820
717.0,0,92,820
718.0,0,92,820
719.0,0,92,820
720.0,0,92,820
721.0,0,92,820
722.0,0,92,820
723.0,0,92,820
724.0,0,92,820
725.0,0,92,820
726.0,0,92,820
727.0,0,92,820
728.0,0,92,820
729.0,0,92,820
730.0,0,92,820
731.0,0,92,820
732.0,0,92,820
733.0,0,92,820
734.0,0,92,820
735.0,0,92,820
736.0,0,92,820
737.0,0,92,820
738.0,0,92,820
739.0,0,92,820
740.0,0,92,820
741.0,0,92,820
742.0,0,92,820
743.0,0,92,820
744.0,0,92,820
745.0,0,92,820
746.0,0,92,820
747.0,0,92,820
748.0,0,92,820
749.0,0,92,820
750.0,0,92,820
751.0,0,92,820
752.0,0,92,820
753.0,0,92,820
754.0,0,92,820
755.0,0,92,820
756.0,0,92,820
757.0,0,92,820
758.0,0,92,820
759.0,0,92,820
760.0,0,92,820
761.0,0,92,820
762.0,0,92,820
763.0,0,92,820
764.0,0,92,820
765.0,0,92,820
766.0,0,92,820
767.0,0,92,820
768.0,0,92,820
769.0,0,92,820
770.0,0,92,820
771.0,0,92,820
772.0,0,92,820
773.0,0,92,820
774.0,0,92,820
775.0,0,92,820
776.0,0,92,820
777.0,0,92,820
778.0,0,92,820
779.0,0,92,820
780.0,0,92,820
781.0,0,92,820
782.0,0,92,820
783.0,0,92,820
784.0,0,92,820
785.0,0,92,820
786.0,0,92,820
787.0,0,92,820
788.0,0,92,820
789.0,0,92,820
790.0,0,92,820
791.0,0,92,820
792.0,0,92,820
793.0,0,92,820
794.0,0,92,820
795.0,0,92,820
796.0,0,92,820
797.0,0,92,820
798.0,0,92,820
799.0,0,92,820
800.0,0,92,820
801.0,0,92,820
802.0,0,92,820
803.0,0,92,820
804.0,0,92,820
805.0,0,92,820
806.0,0,92,820
807.0,0,92,820
808.0,0,92,820
809.0,0,92,820
810.0,0,92,820
811.0,0,92,820
812.0,0,92,820
813.0,0,92,820
814.0,0,92,820
815.0,0,92,820
816.0,0,92,820
817.0,0,92,820
818.0,0,92,820
819.0,0,92,820
820.0,0,92,820
821.0,0,92,820
822.0,0,92,820
823.0,0,92,820
824.0,0,92,820
825.0,0,92,820
826.0,0,92,820
827.0,0,92,820
828.0,0,92,820
829.0,0,92,820
830.0,0,92,820
831.0,0,92,820
832.0,0,92,820
833.0,0,92,820
834.0,0,92,820
835.0,0,92,820
836.0,0,92,820
837.0,0,92,820
838.0,0,92,820
839.0,0,92,820
840.0,0,92,820
841.0,0,92,820
842.0,0,92,820
843.0,0,92,820
844.0,0,92,820
845.0,0,92,820
846.0,0,92,820
847.0,0,92,820
848.0,0,92,820
849.0,0,92,820
850.0,0,92,820
851.0,0,92,820
852.0,0,92,820
853.0,0,92,820
854.0,0,92,820
855.0,0,92,820
856.0,0,92,820
857.0,0,92,820
858.0,0,92,820
859.0,0,92,820
860.0,0,92,820
861.0,0,92,820
862.0,0,92,820
863.0,0,92,820
864.0,0,92,820
865.0,0,92,820
866.0,0,92,820
867.0,0,92,820
868.0,0,92,820
869.0,0,92,820
870.0,0,92,820
871.0,0,92,820
872.0,0,92,820
873.0,0,92,820
874.0,0,92,820
875.0,0,92,820
876.0,0,92,820
877.0,0,92,820
878.0,0,92,820
879.0,0,92,820
880.0,0,92,820
881.0,0,92,820
882.0,0,92,820
883.0,0,92,820
884.0,0,92,820
885.0,0,92,820
886.0,0,92,820
887.0,0,92,820
888.0,0,92,820
889.0,0,92,820
890.0,0,92,820
891.0,0,92,820
892.0,0,92,820
893.0,0,92,820
894.0,0,92,820
895.0,0,92,820
896.0,0,92,820
897.0,0,92,820
898.0,0,92,820
899.0,0,92,820
900.0,0,92,820
901.0,0,92,820
902.0,0,92,820
903.0,0,92,820
904.0,0,92,820
905.0,0,92,820
906.0,0,92,820
907.0,0,92,820
908.0,0,92,820
909.0,0,92,820
910.0,0,92,820
911.0,0,92,820
912.0,0,92,820
913.0,0,92,820
914.0,0,92,820
915.0,0,92,820
916.0,0,92,820
917.0,0,92,820
918.0,0,92,820
919.0,0,92,820
920.0,0,92,820
921.0,0,92,820
922.0,0,92,820
923.0,0,92,820
924.0,0,92,820
925.0,0,92,820
926.0,0,92,820
927.0,0,92,820
928.0,0,92,820
929.0,0,92,820
930.0,0,92,820
931.0,0,92,820
932.0,0,92,820
933.0,0,92,820
934.0,0,92,820
935.0,0,92,820
936.0,0,92,820
937.0,0,92,820
938.0,0,92,820
939.0,0,92,820
940.0,0,92,820
941.0,0,92,820
942.0,0,92,820
943.0,0,92,820
944.0,0,92,820
945.0,0,92,820
946.0,0,92,820
947.0,0,92,820
948.0,0,92,820
949.0,0,92,820
950.0,0,92,820
951.0,0,92,820
952.0,0,92,820
953.0,0,92,820
954.0,0,92,820
955.0,0,92,820
956.0,0,92,820
957.0,0,92,820
958.0,0,92,820
959.0,0,92,820
960.0,0,92,820
961.0,0,92,820
962.0,0,92,820
963.0,0,92,820
964.0,0,92,820
965.0,0,92,820
966.0,0,92,820
967.0,0,92,820
968.0,0,92,820
969.0,0,92,820
970.0,0,92,820
971.0,0,92,820
972.0,0,92,820
973.0,0,92,820
974.0,0,92,820
975.0,0,92,820
976.0,0,92,820
977.0,0,92,820
978.0,0,92,820
979.0,0,92,820
980.0,0,92,820
981.0,0,92,820
982.0,0,92,820
983.0,0,92,820
984.0,0,92,820
985.0,0,92,820
986.0,0,92,820
987.0,0,92,820
988.0,0,92,820
989.0,0,92,820
990.0,0,92,820
991.0,0,92,820
992.0,0,92,820
993.0,0,92,820
994.0,0,92,820
995.0,0,92,820
996.0,0,92,820
997.0,0,92,820
998.0,0,92,820
999.0,0,92,820
1000.0,0,92,820
1001.0,0,92,820
1002.0,0,92,820
1003.0,0,92,820
1004.0,0,92,820
1005.0,0,92,820
1006.0,0,92,820
1007.0,0,92,820
1008.0,0,92,820
1009.0,0,92,820
1010.0,0,92,820
1011.0,0,92,820
1012.0,0,92,820
1013.0,0,92,820
1014.0,0,92,820
1015.0,0,92,820
1016.0,0,92,820
1017.0,0,92,820
1018.0,0,92,820
1019.0,0,92,820
1020.0,0,92,820
1021.0,0,92,820
1022.0,0,92,820
1023.0,0,92,820
1024.0,0,92,820
1025.0,0,92,820
1026.0,0,92,820
1027.0,0,92,820
1028.0,0,92,820
1029.0,0,92,820
1030.0,0,92,820
1031.0,0,92,820
1032.0,0,92,820
1033.0,0,92,820
1034.0,0,92,820
1035.0,0,92,820
1036.0,0,92,820
1037.0,0,92,820
1038.0,0,92,820
1039.0,0,92,820
1040.0,0,92,820
1041.0,0,92,820
1042.0,0,92,820
1043.0,0,92,820
1044.0,0,92,820
1045.0,0,92,820
1046.0,0,92,820
1047.0,0,92,820
1048.0,0,92,820
1049.0,0,92,820
1050.0,0,92,820
1051.0,0,92,820
1052.0,0,92,820
1053.0,0,92,820
1054.0,0,92,820
1055.0,0,92,820
1056.0,0,92,820
1057.0,0,92,820
1058.0,0,92,820
1059.0,0,92,820
1060.0,0,92,820
1061.0,0,92,820
1062.0,0,92,820
1063.0,0,92,820
1064.0,0,92,820
1065.0,0,92,820
1066.0,0,92,820
1067.0,0,92,820
1068.0,0,92,820
1069.0,0,92,820
1070.0,0,92,820
1071.0,0,92,820
1072.0,0,92,820
1073.0,0,92,820
1074.0,0,92,820
1075.0,0,92,820
1076.0,0,92,820
1077.0,0,92,820
1078.0,0,92,820
1079.0,0,92,820
1080.0,0,92,820
1081.0,0,92,820
1082.0,0,92,820
1083.0,0,92,820
1084.0,0,92,820
1085.0,0,92,820
1086.0,0,92,820
1087.0,0,92,820
1088.0,0,92,820
1089.0,0,92,820
1090.0,0,92,820
1091.0,0,92,820
1092.0,0,92,820
1093.0,0,92,820
1094.0,0,92,820
1095.0,0,92,820
1096.0,0,92,820
1097.0,0,92,820
1098.0,0,92,820
1099.0,0,92,820
1100.0,0,92,820
1101.0,0,92,820
1102.0,0,92,820
1103.0,0,92,820
1104.0,0,92,820
1105.0,0,92,820
1106.0,0,92,820
1107.0,0,92,820
1108.0,0,92,820
1109.0,0,92,820
1110.0,0,92,820
1111.0,0,92,820
1112.0,0,92,820
1113.0,0,92,820
1114.0,0,92,820
1115.0,0,92,820
1116.0,0,92,820
1117.0,0,92,820
1118.0,0,92,820
1119.0,0,92,820
1120.0,0,92,820
1121.0,0,92,820
1122.0,0,92,820
1123.0,0,92,820
1124.0,0,92,820
1125.0,0,92,820
1126.0,0,92,820
1127.0,0,92,820
1128.0,0,92,820
1129.0,0,92,820
1130.0,0,92,820
1131.0,0,92,820
1132.0,0,92,820
1133.0,0,92,820
1134.0,0,92,820
1135.0,0,92,820
1136.0,0,92,820
1137.0,0,92,820
1138.0,0,92,820
1139.0,0,92,820
1140.0,0,92,820
1141.0,0,92,820
1142.0,0,92,820
1143.0,0,92,820
1144.0,0,92,820
1145.0,0,92,820
1146.0,0,92,820
1147.0,0,92,820
1148.0,0,92,820
1149.0,0,92,820
1150.0,0,92,820
1151.0,0,92,820
1152.0,0,92,820
1153.0,0,92,820
1154.0,0,92,820
1155.0,0,92,820
1156.0,0,92,820
1157.0,0,92,820
1158.0,0,92,820
1159.0,0,92,820
1160.0,0,92,820
1161.0,0,92,820
1162.0,0,92,820
1163.0,0,92,820
1164.0,0,92,820
1165.0,0,92,820
1166.0,0,92,820
1167.0,0,92,820
1168.0,0,92,820
1169.0,0,92,820
1170.0,0,92,820
1171.0,0,92,820
1172.0,0,92,820
1173.0,0,92,820
1174.0,0,92,820
1175.0,0,92,820
1176.0,0,92,820
1177.0,0,92,820
1178.0,0,92,820
1179.0,0,92,820
1180.0,0,92,820
1181.0,0,92,820
1182.0,0,92,820
1183.0,0,92,820
1184.0,0,92,820
1185.0,0,92,820
1186.0,0,92,820
1187.0,0,92,820
1188.0,0,92,820
1189.0,0,92,820
1190.0,0,92,820
1191.0,0,92,820
1192.0,0,92,820
1193.0,0,92,820
1194.0,0,92,820
1195.0,0,92,820
1196.0,0,92,820
1197.0,0,92,820
1198.0,0,92,820
1199.0,0,92,820
1200.0,0,92,820
1201.0,0,92,820
1202.0,0,92,820
1203.0,0,92,820
1204.0,0,92,820
1205.0,0,92,820
1206.0,0,92,820
1207.0,0,92,820
1208.0,0,92,820
1209.0,0,92,820
1210.0,0,92,820
1211.0,0,92,820
1212.0,0,92,820
1213.0,0,92,820
1214.0,0,92,820
1215.0,0,92,820
1216.0,0,92,820
1217.0,0,92,820
1218.0,0,92,820
1219.0,0,92,820
1220.0,0,92,820
1221.0,0,92,820
1222.0,0,92,820
1223.0,0,92,820
1224.0,0,92,820
1225.0,0,92,820
1226.0,0,92,820
1227.0,0,92,820
1228.0,0,92,820
1229.0,0,92,820
1230.0,0,92,820
1231.0,0,92,820
1232.0,0,92,820
1233.0,0,92,820
1234.0,0,92,820
1235.0,0,92,820
1236.0,0,92,820
1237.0,0,92,820
1238.0,0,92,820
1239.0,0,92,820
1240.0,0,92,820
1241.0,0,92,820
1242.0,0,92,820
1243.0,0,92,820
1244.0,0,92,820
1245.0,0,92,820
1246.0,0,92,820
1247.0,0,92,820
1248.0,0,92,820
1249.0,0,92,820
1250.0,0,92,820
1251.0,0,92,820
1252.0,0,92,820
1253.0,0,92,820
1254.0,0,92,820
1255.0,0,92,820
1256.0,0,92,820
1257.0,0,92,820
1258.0,0,92,820
1259.0,0,92,820
1260.0,0,92,820
1261.0,0,92,820
1262.0,0,92,820
1263.0,0,92,820
1264.0,0,92,820
1265.0,0,92,820
1266.0,0,92,820
1267.0,0,92,820
1268.0,0,92,820
1269.0,0,92,820
1270.0,0,92,820
1271.0,0,92,820
1272.0,0,92,820
1273.0,0,92,820
1274.0,0,92,820
1275.0,0,92,820
1276.0,0,92,820
1277.0,0,92,820
1278.0,0,92,820
1279.0,0,92,820
1280.0,0,92,820
1281.0,0,92,820
1282.0,0,92,820
1283.0,0,92,820
1284.0,0,92,820
1285.0,0,92,820
1286.0,0,92,820
1287.0,0,92,820
1288.0,0,92,820
1289.0,0,92,820
1290.0,0,92,820
1291.0,0,92,820
1292.0,0,92,820
1293.0,0,92,820
1294.0,0,92,820
1295.0,0,92,820
1296.0,0,92,820
1297.0,0,92,820
1298.0,0,92,820
1299.0,0,92,820
1300.0,0,92,820
1301.0,0,92,820
1302.0,0,92,820
1303.0,0,92,820
1304.0,0,92,820
1305.0,0,92,820
1306.0,0,92,820
1307.0,0,92,820
1308.0,0,92,820
1309.0,0,92,820
1310.0,0,92,820
1311.0,0,92,820
1312.0,0,92,820
1313.0,0,92,820
1314.0,0,92,820
1315.0,0,92,820
1316.0,0,92,820
1317.0,0,92,820
1318.0,0,92,820
1319.0,0,92,820
1320.0,0,92,820
1321.0,0,92,820
1322.0,0,92,820
1323.0,0,92,820
1324.0,0,92,820
1325.0,0,92,820
1326.0,0,92,820
1327.0,0,92,820
1328.0,0,92,820
1329.0,0,92,820
1330.0,0,92,820
1331.0,0,92,820
1332.0,0,92,820
1333.0,0,92,820
1334.0,0,92,820
1335.0,0,92,820
1336.0,0,92,820
1337.0,0,92,820
1338.0,0,92,820
1339.0,0,92,820
1340.0,0,92,820
1341.0,0,92,820
1342.0,0,92,820
1343.0,0,92,820
1344.0,0,92,820
1345.0,0,92,820
1346.0,0,92,820
1347.0,0,92,820
1348.0,0,92,820
1349.0,0,92,820
1350.0,0,92,820
1351.0,0,92,820
1352.0,0,92,820
1353.0,0,92,820
1354.0,0,92,820
1355.0,0,92,820
1356.0,0,92,820
1357.0,0,92,820
1358.0,0,92,820
1359.0,0,92,820
1360.0,0,92,820
1361.0,0,92,820
1362.0,0,92,820
1363.0,0,92,820
1364.0,0,92,820
1365.0,0,92,820
1366.0,0,92,820
1367.0,0,92,820
1368.0,0,92,820
1369.0,0,92,820
1370.0,0,92,820
1371.0,0,92,820
1372.0,0,92,820
1373.0,0,92,820
1374.0,0,92,820
1375.0,0,92,820
1376.0,0,92,820
1377.0,0,92,820
1378.0,0,92,820
1379.0,0,92,820
1380.0,0,92,820
1381.0,0,92,820
1382.0,0,92,820
1383.0,0,92,820
1384.0,0,92,820
1385.0,0,92,820
1386.0,0,92,820
1387.0,0,92,820
1388.0,0,92,820
1389.0,0,92,820
1390.0,0,92,820
1391.0,0,92,820
1392.0,0,92,820
1393.0,0,92,820
1394.0,0,92,820
1395.0,0,92,820
1396.0,0,92,820
1397.0,0,92,820
1398.0,0,92,820
1399.0,0,92,820
1400.0,0,92,820
1401.0,0,92,820
1402.0,0,92,820
1403.0,0,92,820
1404.0,0,92,820
1405.0,0,92,820
1406.0,0,92,820
1407.0,0,92,820
1408.0,0,92,820
1409.0,0,92,820
1410.0,0,92,820
1411.0,0,92,820
1412.0,0,92,820
1413.0,0,92,820
1414.0,0,92,820
1415.0,0,92,820
1416.0,0,92,820
1417.0,0,92,820
1418.0,0,92,820
1419.0,0,92,820
1420.0,0,92,820
1421.0,0,92,820
1422.0,0,92,820
1423.0,0,92,820
1424.0,0,92,820
1425.0,0,92,820
1426.0,0,92,820
1427.0,0,92,820
1428.0,0,92,820
1429.0,0,92,820
1430.0,0,92,820
1431.0,0,92,820
1432.0,0,92,820
1433.0,0,92,820
1434.0,0,92,820
1435.0,0,92,820
1436.0,0,92,820
1437.0,0,92,820
1438.0,0,92,820
1439.0,0,92,820
1440.0,0,92,820
1441.0,0,92,820
1442.0,0,92,820
1443.0,0,92,820
1444.0,0,92,820
1445.0,0,92,820
1446.0,0,92,820
1447.0,0,92,820
1448.0,0,92,820
1449.0,0,92,820
1450.0,0,92,820
1451.0,0,92,820
1452.0,0,92,820
1453.0,0,92,820
1454.0,0,92,820
1455.0,0,92,820
1456.0,0,92,820
1457.0,0,92,820
1458.0,0,92,820
1459.0,0,92,820
1460.0,0,92,820
1461.0,0,92,820
1462.0,0,92,820
1463.0,0,92,820
1464.0,0,92,820
1465.0,0,92,820
1466.0,0,92,820
1467.0,0,92,820
1468.0,0,92,820
1469.0,0,92,820
1470.0,0,92,820
1471.0,0,92,820
1472.0,0,92,820
1473.0,0,92,820
1474.0,0,92,820
1475.0,0,92,820
1476.0,0,92,820
1477.0,0,92,820
1478.0,0,92,820
1479.0,0,92,820
1480.0,0,92,820
1481.0,0,92,820
1482.0,0,92,820
1483.0,0,92,820
1484.0,0,92,820
1485.0,0,92,820
1486.0,0,92,820
1487.0,0,92,820
1488.0,0,92,820
1489.0,0,92,820
1490.0,0,92,820
1491.0,0,92,820
1492.0,0,92,820
1493.0,0,92,820
1494.0,0,92,820
1495.0,0,92,820
1496.0,0,92,820
1497.0,0,92,820
1498.0,0,92,820
1499.0,0,92,820
1500.0,0,92,820
1501.0,0,92,820
1502.0,0,92,820
1503.0,0,92,820
1504.0,0,92,820
1505.0,0,92,820
1506.0,0,92,820
1507.0,0,92,820
1508.0,0,92,820
1509.0,0,92,820
1510.0,0,92,820
1511.0,0,92,820
1512.0,0,92,820
1513.0,0,92,820
1514.0,0,92,820
1515.0,0,92,820
1516.0,0,92,820
1517.0,0,92,820
1518.0,0,92,820
1519.0,0,92,820
1520.0,0,92,820
1521.0,0,92,820
1522.0,0,92,820
1523.0,0,92,820
1524.0,0,92,820
1525.0,0,92,820
1526.0,0,92,820
1527.0,0,92,820
1528.0,0,92,820
1529.0,0,92,820
1530.0,0,92,820
1531.0,0,92,820
1532.0,0,92,820
1533.0,0,92,820
1534.0,0,92,820
1535.0,0,92,820
1536.0,0,92,820
1537.0,0,92,820
1538.0,0,92,820
1539.0,0,92,820
1540.0,0,92,820
1541.0,0,92,820
1542.0,0,92,820
1543.0,0,92,820
1544.0,0,92,820
1545.0,0,92,820
1546.0,0,92,820
1547.0,0,92,820
1548.0,0,92,820
1549.0,0,92,820
1550.0,0,92,820
1551.0,0,92,820
1552.0,0,92,820
1553.0,0,92,820
1554.0,0,92,820
1555.0,0,92,820
1556.0,0,92,820
1557.0,0,92,820
1558.0,0,92,820
1559.0,0,92,820
1560.0,0,92,820
1561.0,0,92,820
1562.0,0,92,820
1563.0,0,92,820
1564.0,0,92,820
1565.0,0,92,820
1566.0,0,92,820
1567.0,0,92,820
1568.0,0,92,820
1569.0,0,92,820
1570.0,0,92,820
1571.0,0,92,820
1572.0,0,92,820
1573.0,0,92,820
1574.0,0,92,820
1575.0,0,92,820
1576.0,0,92,820
1577.0,0,92,820
1578.0,0,92,820
1579.0,0,92,820
1580.0,0,92,820
1581.0,0,92,820
1582.0,0,92,820
1583.0,0,92,820
1584.0,0,92,820
1585.0,0,92,820
1586.0,0,92,820
1587.0,0,92,820
1588.0,0,92,820
1589.0,0,92,820
1590.0,0,92,820
1591.0,0,92,820
1592.0,0,92,820
1593.0,0,92,820
1594.0,0,92,820
1595.0,0,92,820
1596.0,0,92,820
1597.0,0,92,820
1598.0,0,92,820
1599.0,0,92,820
1600.0,0,92,820
1601.0,0,92,820
1602.0,0,92,820
1603.0,0,92,820
1604.0,0,92,820
1605.0,0,92,820
1606.0,0,92,820
1607.0,0,92,820
1608.0,0,92,820
1609.0,0,92,820
1610.0,0,92,820
1611.0,0,92,820
1612.0,0,92,820
1613.0,0,92,820
1614.0,0,92,820
1615.0,0,92,820
1616.0,0,92,820
1617.0,0,92,820
1618.0,0,92,820
1619.0,0,92,820
1620.0,0,92,820
1621.0,0,92,820
1622.0,0,92,820
1623.0,0,92,820
1624.0,0,92,820
1625.0,0,92,820
1626.0,0,92,820
1627.0,0,92,820
1628.0,0,92,820
1629.0,0,92,820
1630.0,0,92,820
1631.0,0,92,820
1632.0,0,92,820
1633.0,0,92,820
1634.0,0,92,820
1635.0,0,92,820
1636.0,0,92,820
1637.0,0,92,820
1638.0,0,92,820
1639.0,0,92,820
1640.0,0,92,820
1641.0,0,92,820
1642.0,0,92,820
1643.0,0,92,820
1644.0,0,92,820
1645.0,0,92,820
1646.0,0,92,820
1647.0,0,92,820
1648.0,0,92,820
1649.0,0,92,820
1650.0,0,92,820
1651.0,0,92,820
1652.0,0,92,820
1653.0,0,92,820
1654.0,0,92,820
1655.0,0,92,820
1656.0,0,92,820
1657.0,0,92,820
1658.0,0,92,820
1659.0,0,92,820
1660.0,0,92,820
1661.0,0,92,820
1662.0,0,92,820
1663.0,0,92,820
1664.0,0,92,820
1665.0,0,92,820
1666.0,0,92,820
1667.0,0,92,820
1668.0,0,92,820
1669.0,0,92,820
1670.0,0,92,820
1671.0,0,92,820
1672.0,0,92,820
1673.0,0,92,820
1674.0,0,92,820
1675.0,0,92,820
1676.0,0,92,820
1677.0,0,92,820
1678.0,0,92,820
1679.0,0,92,820
1680.0,0,92,820
1681.0,0,92,820
1682.0,0,92,820
1683.0,0,92,820
1684.0,0,92,820
1685.0,0,92,820
1686.0,0,92,820
1687.0,0,92,820
1688.0,0,92,820
1689.0,0,92,820
1690.0,0,92,820
1691.0,0,92,820
1692.0,0,92,820
1693.0,0,92,820
1694.0,0,92,820
1695.0,0,92,820
1696.0,0,92,820
1697.0,0,92,820
1698.0,0,92,820
1699.0,0,92,820
1700.0,0,92,820
1701.0,0,92,820
1702.0,0,92,820
1703.0,0,92,820
1704.0,0,92,820
1705.0,0,92,820
1706.0,0,92,820
1707.0,0,92,820
1708.0,0,92,820
1709.0,0,92,820
1710.0,0,92,820
1711.0,0,92,820
1712.0,0,92,820
1713.0,0,92,820
1714.0,0,92,820
1715.0,0,92,820
1716.0,0,92,820
1717.0,0,92,820
1718.0,0,92,820
1719.0,0,92,820
1720.0,0,92,820
1721.0,0,92,820
1722.0,0,92,820
1723.0,0,92,820
1724.0,0,92,820
1725.0,0,92,820
1726.0,0,92,820
1727.0,0,92,820
1728.0,0,92,820
1729.0,0,92,820
1730.0,0,92,820
1731.0,0,92,820
1732.0,0,92,820
1733.0,0,92,820
1734.0,0,92,820
1735.0,0,92,820
1736.0,0,92,820
1737.0,0,92,820
1738.0,0,92,820
1739.0,0,92,820
1740.0,0,92,820
1741.0,0,92,820
1742.0,0,92,820
1743.0,0,92,820
1744.0,0,92,820
1745.0,0,92,820
1746.0,0,92,820
1747.0,0,92,820
1748.0,0,92,820
1749.0,0,92,820
1750.0,0,92,820
1751.0,0,92,820
1752.0,0,92,820
1753.0,0,92,820
1754.0,0,92,820
1755.0,0,92,820
1756.0,0,92,820
1757.0,0,92,820
1758.0,0,92,820
1759.0,0,92,820
1760.0,0,92,820
1761.0,0,92,820
1762.0,0,92,820
1763.0,0,92,820
1764.0,0,92,820
1765.0,0,92,820
1766.0,0,92,820
1767.0,0,92,820
1768.0,0,92,820
1769.0,0,92,820
1770.0,0,92,820
1771.0,0,92,820
1772.0,0,92,820
1773.0,0,92,820
1774.0,0,92,820
1775.0,0,92,820
1776.0,0,92,820
1777.0,0,92,820
1778.0,0,92,820
1779.0,0,92,820
1780.0,0,92,820
1781.0,0,92,820
1782.0,0,92,820
1783.0,0,92,820
1784.0,0,92,820
1785.0,0,92,820
1786.0,0,92,820
1787.0,0,92,820
1788.0,0,92,820
1789.0,0,92,820
1790.0,0,92,820
1791.0,0,92,820
1792.0,0,92,820
1793.0,0,92,820
1794.0,0,92,820
1795.0,0,92,820
1796.0,0,92,820
1797.0,0,92,820
1798.0,0,92,820
1799.0,0,92,820
1800.0,0,92,820
1801.0,0,92,820
1802.0,0,92,820
1803.0,0,92,820
1804.0,0,92,820
1805.0,0,92,820
1806.0,0,92,820
1807.0,0,92,820
1808.0,0,92,820
1809.0,0,92,820
1810.0,0,92,820
1811.0,0,92,820
1812.0,0,92,820
1813.0,0,92,820
1814.0,0,92,820
1815.0,0,92,820
1816.0,0,92,820
1817.0,0,92,820
1818.0,0,92,820
1819.0,0,92,820
1820.0,0,92,820
1821.0,0,92,820
1822.0,0,92,820
1823.0,0,92,820
1824.0,0,92,820
1825.0,0,92,820
1826.0,0,92,820
1827.0,0,92,820
1828.0,0,92,820
1829.0,0,92,820
1830.0,0,92,820
1831.0,0,92,820
1832.0,0,92,820
1833.0,0,92,820
1834.0,0,92,820
1835.0,0,92,820
1836.0,0,92,820
1837.0,0,92,820
1838.0,0,92,820
1839.0,0,92,820
1840.0,0,92,820
1841.0,0,92,820
1842.0,0,92,820
1843.0,0,92,820
1844.0,0,92,820
1845.0,0,92,820
1846.0,0,92,820
1847.0,0,92,820
1848.0,0,92,820
1849.0,0,92,820
1850.0,0,92,820
1851.0,0,92,820
1852.0,0,92,820
1853.0,0,92,820
1854.0,0,92,820
1855.0,0,92,820
1856.0,0,92,820
1857.0,0,92,820
1858.0,0,92,820
1859.0,0,92,820
1860.0,0,92,820
1861.0,0,92,820
1862.0,0,92,820
1863.0,0,92,820
1864.0,0,92,820
1865.0,0,92,820
1866.0,0,92,820
1867.0,0,92,820
1868.0,0,92,820
1869.0,0,92,820
1870.0,0,92,820
1871.0,0,92,820
1872.0,0,92,820
1873.0,0,92,820
1874.0,0,92,820
1875.0,0,92,820
1876.0,0,92,820
1877.0,0,92,820
1878.0,0,92,820
1879.0,0,92,820
1880.0,0,92,820
1881.0,0,92,820
1882.0,0,92,820
1883.0,0,92,820
1884.0,0,92,820
1885.0,0,92,820
1886.0,0,92,820
1887.0,0,92,820
1888.0,0,92,820
1889.0,0,92,820
1890.0,0,92,820
1891.0,0,92,820
1892.0,0,92,820
1893.0,0,92,820
1894.0,0,92,820
1895.0,0,92,820
1896.0,0,92,820
1897.0,0,92,820
1898.0,0,92,820
1899.0,0,92,820
1900.0,0,92,820
1901.0,0,92,820
1902.0,0,92,820
1903.0,0,92,820
1904.0,0,92,820
1905.0,0,92,820
1906.0,0,92,820
1907.0,0,92,820
1908.0,0,92,820
1909.0,0,92,820
1910.0,0,92,820
1911.0,0,92,820
1912.0,0,92,820
1913.0,0,92,820
1914.0,0,92,820
1915.0,0,92,820
1916.0,0,92,820
1917.0,0,92,820
1918.0,0,92,820
1919.0,0,92,820
1920.0,0,92,820
1921.0,0,92,820
1922.0,0,92,820
1923.0,0,92,820
1924.0,0,92,820
1925.0,0,92,820
1926.0,0,92,820
1927.0,0,92,820
1928.0,0,92,820
1929.0,0,92,820
1930.0,0,92,820
1931.0,0,92,820
1932.0,0,92,820
1933.0,0,92,820
1934.0,0,92,820
1935.0,0,92,820
1936.0,0,92,820
1937.0,0,92,820
1938.0,0,92,820
1939.0,0,92,820
1940.0,0,92,820
1941.0,0,92,820
1942.0,0,92,820
1943.0,0,92,820
1944.0,0,92,820
1945.0,0,92,820
1946.0,0,92,820
1947.0,0,92,820
1948.0,0,92,820
1949.0,0,92,820
1950.0,0,92,820
1951.0,0,92,820
1952.0,0,92,820
1953.0,0,92,820
1954.0,0,92,820
1955.0,0,92,820
1956.0,0,92,820
1957.0,0,92,820
1958.0,0,92,820
1959.0,0,92,820
1960.0,0,92,820
1961.0,0,92,820
1962.0,0,92,820
1963.0,0,92,820
1964.0,0,92,820
1965.0,0,92,820
1966.0,0,92,820
1967.0,0,92,820
1968.0,0,92,820
1969.0,0,92,820
1970.0,0,92,820
1971.0,0,92,820
1972.0,0,92,820
1973.0,0,92,820
1974.0,0,92,820
1975.0,0,92,820
1976.0,0,92,820
1977.0,0,92,820
1978.0,0,92,820
1979.0,0,92,820
1980.0,0,92,820
1981.0,0,92,820
1982.0,0,92,820
1983.0,0,92,820
1984.0,0,92,820
1985.0,0,92,820
1986.0,0,92,820
1987.0,0,92,820
1988.0,0,92,820
1989.0,0,92,820
1990.0,0,92,820
1991.0,0,92,820
1992.0,0,92,820
1993.0,0,92,820
1994.0,0,92,820
1995.0,0,92,820
1996.0,0,92,820
1997.0,0,92,820
1998.0,0,92,820
1999.0,0,92,820
2000.0,0,92,820
2001.0,0,92,820
2002.0,0,92,820
2003.0,0,92,820
2004.0,0,92,820
2005.0,0,92,820
2006.0,0,92,820
2007.0,0,92,820
2008.0,0,92,820
2009.0,0,92,820
2010.0,0,92,820
2011.0,0,92,820
2012.0,0,92,820
